<?xml version="1.0"?>
<opencv_storage>
<april type_id="opencv-matrix">
  <rows>10</rows>
  <cols>1</cols>
  <dt>d</dt>
  <data>
    5.1656239780166633e+06 9.3993668899290841e+06 7.8668036956669251e+06
    8.1182080947637064e+06 9.2328992366144489e+06 8.0086809154688660e+06
    7.4271748697002092e+06 8.3719447020206526e+06 7.3861522076965487e+06
    6.9610185909371553e+06</data></april>
</opencv_storage>
