<?xml version="1.0"?>
<opencv_storage>
<s1 type_id="opencv-matrix">
  <rows>10</rows>
  <cols>1</cols>
  <dt>d</dt>
  <data>
    6.5539522793446239e+06 8.7030296310855150e+06 7.9761798722645482e+06
    7.9332932591265179e+06 1.0572073924508557e+07 8.1826717160340967e+06
    7.7990306546371561e+06 8.9227445574174002e+06 6.6909702159046931e+06
    7.7102562135118265e+06</data></s1>
</opencv_storage>
