<?xml version="1.0"?>
<opencv_storage>
<s10 type_id="opencv-matrix">
  <rows>10</rows>
  <cols>1</cols>
  <dt>d</dt>
  <data>
    7.3902076159698889e+06 8.2337181731437966e+06 8.2156246888841549e+06
    8.5462199014490116e+06 9.9636069287421294e+06 7.9810866605337812e+06
    7.4664931288547246e+06 9.0630286250842959e+06 6.8601565622857967e+06
    7.3173246951821307e+06</data></s10>
</opencv_storage>
