<?xml version="1.0"?>
<opencv_storage>
<s11 type_id="opencv-matrix">
  <rows>10</rows>
  <cols>1</cols>
  <dt>d</dt>
  <data>
    6.7901146483254507e+06 8.3123846490760176e+06 7.2412209052143088e+06
    8.3672514206267474e+06 9.7941991442974824e+06 8.2257320965401148e+06
    7.9231525850420464e+06 8.8178474236900695e+06 6.6105924189373441e+06
    7.4650945635298621e+06</data></s11>
</opencv_storage>
