<?xml version="1.0"?>
<opencv_storage>
<s12 type_id="opencv-matrix">
  <rows>10</rows>
  <cols>1</cols>
  <dt>d</dt>
  <data>
    7.8909614345249897e+06 8.8495053309794161e+06 8.2781122096473370e+06
    8.2757717790549248e+06 1.0091029217108820e+07 8.2839788928163815e+06
    7.8212860844076406e+06 9.0094371169593520e+06 7.0559866324561629e+06
    7.4330546761440383e+06</data></s12>
</opencv_storage>
