<?xml version="1.0"?>
<opencv_storage>
<s13 type_id="opencv-matrix">
  <rows>10</rows>
  <cols>1</cols>
  <dt>d</dt>
  <data>
    7.9595605401574718e+06 8.6084706835130341e+06 8.1416190725451866e+06
    8.6103608994911760e+06 1.0073743084437659e+07 8.1503010342752254e+06
    7.8596554929663315e+06 8.6612870932398234e+06 7.2285980671621338e+06
    7.4986905983254146e+06</data></s13>
</opencv_storage>
