<?xml version="1.0"?>
<opencv_storage>
<s14 type_id="opencv-matrix">
  <rows>10</rows>
  <cols>1</cols>
  <dt>d</dt>
  <data>
    7.4766901046153093e+06 8.5361027346459478e+06 7.2430160888636606e+06
    8.2049070229202975e+06 9.5837145090954322e+06 8.1017768328094855e+06
    7.8166089905326739e+06 8.7445883671648037e+06 7.0185551449501133e+06
    7.4348620786264176e+06</data></s14>
</opencv_storage>
