<?xml version="1.0"?>
<opencv_storage>
<s15 type_id="opencv-matrix">
  <rows>10</rows>
  <cols>1</cols>
  <dt>d</dt>
  <data>
    6.0666529350770842e+06 7.8136329741759561e+06 7.6399810609432124e+06
    8.5229304462141301e+06 9.9937764370442983e+06 8.4917235489915181e+06
    8.0985073774653198e+06 9.0200234912612569e+06 7.1945653941706624e+06
    7.2377263085061600e+06</data></s15>
</opencv_storage>
