<?xml version="1.0"?>
<opencv_storage>
<s16 type_id="opencv-matrix">
  <rows>10</rows>
  <cols>1</cols>
  <dt>d</dt>
  <data>
    6.8042903677935107e+06 9.4659224047352485e+06 7.6388607153097671e+06
    8.9396145498725455e+06 1.0316557186038909e+07 8.2400711131173735e+06
    7.8926781410126900e+06 8.6670899305301718e+06 6.7153258979016328e+06
    7.3431976706672814e+06</data></s16>
</opencv_storage>
