<?xml version="1.0"?>
<opencv_storage>
<s17 type_id="opencv-matrix">
  <rows>10</rows>
  <cols>1</cols>
  <dt>d</dt>
  <data>
    7.5864902457053140e+06 9.6132483096169550e+06 8.0092455930644227e+06
    8.7450863358054087e+06 9.7540889059044831e+06 8.2725512913779290e+06
    7.5865416720002685e+06 9.1336684848100021e+06 7.0943401431924840e+06
    7.3423893983949963e+06</data></s17>
</opencv_storage>
