<?xml version="1.0"?>
<opencv_storage>
<s18 type_id="opencv-matrix">
  <rows>10</rows>
  <cols>1</cols>
  <dt>d</dt>
  <data>
    7.4359744532360025e+06 8.2137149416035619e+06 7.9364547556392662e+06
    8.2331738342084354e+06 9.7955985820618384e+06 8.7043393717485331e+06
    7.7948263376014028e+06 8.6632475227354039e+06 6.7937137320281360e+06
    7.3583008480380885e+06</data></s18>
</opencv_storage>
