<?xml version="1.0"?>
<opencv_storage>
<s19 type_id="opencv-matrix">
  <rows>10</rows>
  <cols>1</cols>
  <dt>d</dt>
  <data>
    7.6612162375935251e+06 8.4770050061665867e+06 7.6754131904966068e+06
    8.9326906227487177e+06 1.0236842961594921e+07 8.4159829019599073e+06
    7.9256088601266174e+06 9.0708118910327367e+06 7.1310512351356121e+06
    7.2449051731426846e+06</data></s19>
</opencv_storage>
