<?xml version="1.0"?>
<opencv_storage>
<s2 type_id="opencv-matrix">
  <rows>10</rows>
  <cols>1</cols>
  <dt>d</dt>
  <data>
    7.2374843368711546e+06 8.6726825326671600e+06 7.3648417842264753e+06
    8.0981872006996833e+06 9.9683654523605965e+06 8.2990746529860515e+06
    7.5016222947205771e+06 8.8683914148418084e+06 7.4618830407669824e+06
    8.1328938983254852e+06</data></s2>
</opencv_storage>
