<?xml version="1.0"?>
<opencv_storage>
<s20 type_id="opencv-matrix">
  <rows>10</rows>
  <cols>1</cols>
  <dt>d</dt>
  <data>
    6.5931037643625271e+06 7.7351482623984404e+06 7.7310881949100280e+06
    8.6516455620883815e+06 9.9987455328424796e+06 8.8683439240173455e+06
    7.3703743495496912e+06 8.2256628140464574e+06 6.8781740982094835e+06
    7.3970386946668755e+06</data></s20>
</opencv_storage>
