<?xml version="1.0"?>
<opencv_storage>
<s21 type_id="opencv-matrix">
  <rows>10</rows>
  <cols>1</cols>
  <dt>d</dt>
  <data>
    7.7464273215031568e+06 8.4655379754121900e+06 8.1983721638500011e+06
    8.6163945475281142e+06 9.5122410509161670e+06 8.7147216213595141e+06
    7.8242258868676666e+06 9.0402317158086412e+06 6.8908990070696231e+06
    7.5897491435421035e+06</data></s21>
</opencv_storage>
