<?xml version="1.0"?>
<opencv_storage>
<s22 type_id="opencv-matrix">
  <rows>10</rows>
  <cols>1</cols>
  <dt>d</dt>
  <data>
    7.1123037189838197e+06 8.1705680784099260e+06 7.5675975183423422e+06
    8.8142915933787227e+06 9.5133784972155467e+06 8.3082976777660148e+06
    7.6288133134326562e+06 8.9763558902633507e+06 6.8081212725030640e+06
    7.2853321473069573e+06</data></s22>
</opencv_storage>
