<?xml version="1.0"?>
<opencv_storage>
<s23 type_id="opencv-matrix">
  <rows>10</rows>
  <cols>1</cols>
  <dt>d</dt>
  <data>
    7.7033119078071211e+06 8.6078581366878692e+06 7.8389066393804392e+06
    8.5623628327019569e+06 9.7818647448878251e+06 8.4032038084956445e+06
    7.7035446236418132e+06 8.9532008160629366e+06 6.8359855423034970e+06
    7.1717919187102662e+06</data></s23>
</opencv_storage>
