<?xml version="1.0"?>
<opencv_storage>
<s24 type_id="opencv-matrix">
  <rows>10</rows>
  <cols>1</cols>
  <dt>d</dt>
  <data>
    5.3384411322292117e+06 8.6653952793625519e+06 8.1902642978557656e+06
    8.2665322751574824e+06 1.0444170143481402e+07 8.3248367373522790e+06
    7.6145394512441726e+06 9.0299742740654107e+06 7.0592824093218474e+06
    7.5276528086649701e+06</data></s24>
</opencv_storage>
