<?xml version="1.0"?>
<opencv_storage>
<s25 type_id="opencv-matrix">
  <rows>10</rows>
  <cols>1</cols>
  <dt>d</dt>
  <data>
    7.9167767576527856e+06 8.2514464566449234e+06 7.7281622657785611e+06
    8.4480443371632397e+06 9.7174354150870088e+06 8.2613882902076477e+06
    7.8909368598603969e+06 8.9250498183162082e+06 7.1321343694700114e+06
    7.5713226372664077e+06</data></s25>
</opencv_storage>
