<?xml version="1.0"?>
<opencv_storage>
<s26 type_id="opencv-matrix">
  <rows>10</rows>
  <cols>1</cols>
  <dt>d</dt>
  <data>
    8.1178069471606249e+06 8.6852331658907197e+06 7.6363018383275289e+06
    8.5795535854994059e+06 9.7550603503209911e+06 8.3754864289806057e+06
    7.8563705688755913e+06 8.9828258879632372e+06 7.2527091657387950e+06
    7.2906836832061829e+06</data></s26>
</opencv_storage>
