<?xml version="1.0"?>
<opencv_storage>
<s27 type_id="opencv-matrix">
  <rows>10</rows>
  <cols>1</cols>
  <dt>d</dt>
  <data>
    7.7023622947965106e+06 8.2244381192339417e+06 7.8733273196609952e+06
    8.7265995379127376e+06 1.0281819149690138e+07 8.0077130940660983e+06
    7.9949698792340467e+06 8.8964632743892763e+06 7.3289744168185005e+06
    7.5059674039415037e+06</data></s27>
</opencv_storage>
