<?xml version="1.0"?>
<opencv_storage>
<s28 type_id="opencv-matrix">
  <rows>10</rows>
  <cols>1</cols>
  <dt>d</dt>
  <data>
    7.6770060406214586e+06 8.6615126184433959e+06 7.4924269130902989e+06
    8.2734141675759545e+06 9.5874207471898217e+06 8.0733614536797544e+06
    7.7582835673117526e+06 8.5830980384114124e+06 6.8781575321887759e+06
    7.3446439545975933e+06</data></s28>
</opencv_storage>
