<?xml version="1.0"?>
<opencv_storage>
<s29 type_id="opencv-matrix">
  <rows>10</rows>
  <cols>1</cols>
  <dt>d</dt>
  <data>
    6.2063955052322550e+06 8.2613376085510505e+06 7.9615647284543794e+06
    8.5647953729879223e+06 9.7383389576952104e+06 8.2288892011899883e+06
    8.2698048721425300e+06 9.1427664154294450e+06 7.0159568598116748e+06
    7.5351107623212719e+06</data></s29>
</opencv_storage>
