<?xml version="1.0"?>
<opencv_storage>
<s3 type_id="opencv-matrix">
  <rows>10</rows>
  <cols>1</cols>
  <dt>d</dt>
  <data>
    7.9386759331211476e+06 8.0912263476687456e+06 8.0117617369904928e+06
    8.4920536968293190e+06 9.7455314203614015e+06 8.3705231556170210e+06
    7.8080882610355914e+06 8.7854837871739585e+06 7.0753745307532232e+06
    7.4442442373453304e+06</data></s3>
</opencv_storage>
