<?xml version="1.0"?>
<opencv_storage>
<s30 type_id="opencv-matrix">
  <rows>10</rows>
  <cols>1</cols>
  <dt>d</dt>
  <data>
    7.2778600286741508e+06 7.7066398349518152e+06 8.0425150008913791e+06
    8.1595560537580047e+06 9.7634775602339450e+06 8.4830872846714668e+06
    8.0638979592201309e+06 8.8963609686755259e+06 7.0138793912089840e+06
    7.4684406027422287e+06</data></s30>
</opencv_storage>
