<?xml version="1.0"?>
<opencv_storage>
<s31 type_id="opencv-matrix">
  <rows>10</rows>
  <cols>1</cols>
  <dt>d</dt>
  <data>
    8.0134134538555210e+06 9.0693108056064881e+06 8.0830213699172372e+06
    8.4407553212469351e+06 9.4774366392542925e+06 8.4887980174825881e+06
    7.8951753237335198e+06 8.7346480950060654e+06 7.1957129997228514e+06
    7.7031002998655122e+06</data></s31>
</opencv_storage>
