<?xml version="1.0"?>
<opencv_storage>
<s32 type_id="opencv-matrix">
  <rows>10</rows>
  <cols>1</cols>
  <dt>d</dt>
  <data>
    7.0626284516007993e+06 7.6305555386123108e+06 7.6383838079978367e+06
    9.3443924869960584e+06 9.8071204452696647e+06 8.5229047150700931e+06
    7.6265376636899738e+06 8.9100370218655579e+06 7.3906516499261204e+06
    7.3340046592855919e+06</data></s32>
</opencv_storage>
