<?xml version="1.0"?>
<opencv_storage>
<s33 type_id="opencv-matrix">
  <rows>10</rows>
  <cols>1</cols>
  <dt>d</dt>
  <data>
    5.7105827361796098e+06 9.0736322702902816e+06 8.2958754364329148e+06
    8.6876736573737711e+06 9.2826285955458805e+06 8.6050245770944115e+06
    8.1713269792733118e+06 8.7001127334048711e+06 6.9562827590681231e+06
    7.6408975050285077e+06</data></s33>
</opencv_storage>
