<?xml version="1.0"?>
<opencv_storage>
<s34 type_id="opencv-matrix">
  <rows>10</rows>
  <cols>1</cols>
  <dt>d</dt>
  <data>
    7.3059675542086558e+06 7.8215814430160606e+06 7.9508239462798079e+06
    9.3677977306425311e+06 1.0243113598986752e+07 8.0519295813004291e+06
    7.9869746352093229e+06 8.2779363979301872e+06 7.1473777136449264e+06
    7.7240596241372721e+06</data></s34>
</opencv_storage>
