<?xml version="1.0"?>
<opencv_storage>
<s35 type_id="opencv-matrix">
  <rows>10</rows>
  <cols>1</cols>
  <dt>d</dt>
  <data>
    7.8564981125129433e+06 8.4671937420452628e+06 8.1148473448604345e+06
    8.5395337686917745e+06 9.7980223292909712e+06 8.1982262118668798e+06
    7.8797347214538986e+06 8.7220965549953822e+06 6.8577017259058198e+06
    7.5244220880301176e+06</data></s35>
</opencv_storage>
