<?xml version="1.0"?>
<opencv_storage>
<s36 type_id="opencv-matrix">
  <rows>10</rows>
  <cols>1</cols>
  <dt>d</dt>
  <data>
    7.1620502794276811e+06 9.3044458285789229e+06 7.6929864119325336e+06
    9.0536596792463586e+06 1.0171119600283135e+07 8.7581249914125036e+06
    7.7470633237015391e+06 9.1995254915372320e+06 6.9226680446758512e+06
    7.6515124283838142e+06</data></s36>
</opencv_storage>
