<?xml version="1.0"?>
<opencv_storage>
<s37 type_id="opencv-matrix">
  <rows>10</rows>
  <cols>1</cols>
  <dt>d</dt>
  <data>
    7.6938569240825465e+06 8.8681462695524674e+06 7.4829109117453117e+06
    8.0945962897706535e+06 9.6105304845790397e+06 8.1118396438679965e+06
    7.7251939466111427e+06 8.6899760665315017e+06 7.0032947801530771e+06
    7.2254387805904169e+06</data></s37>
</opencv_storage>
