<?xml version="1.0"?>
<opencv_storage>
<s38 type_id="opencv-matrix">
  <rows>10</rows>
  <cols>1</cols>
  <dt>d</dt>
  <data>
    7.5943337930573542e+06 9.0538441950308010e+06 7.9498595005245870e+06
    8.3676944614254460e+06 1.0143602772074211e+07 8.0988599533705749e+06
    7.9666901314844955e+06 8.6090603761546798e+06 6.9727476479325723e+06
    7.1861165785488533e+06</data></s38>
</opencv_storage>
