<?xml version="1.0"?>
<opencv_storage>
<s39 type_id="opencv-matrix">
  <rows>10</rows>
  <cols>1</cols>
  <dt>d</dt>
  <data>
    6.8277171477160444e+06 7.6275927537972266e+06 7.7763847571352972e+06
    8.3354492437628089e+06 9.5005403155469317e+06 8.0347756423519859e+06
    7.7995482004583701e+06 8.8878504750118647e+06 6.9846806388245588e+06
    7.4713687251203554e+06</data></s39>
</opencv_storage>
