<?xml version="1.0"?>
<opencv_storage>
<s4 type_id="opencv-matrix">
  <rows>10</rows>
  <cols>1</cols>
  <dt>d</dt>
  <data>
    7.6399485637588184e+06 8.7226585718763825e+06 7.9999173258959735e+06
    8.6167805547565334e+06 1.0302753264805757e+07 8.3359390279826801e+06
    7.7623922297628578e+06 8.6892712804101277e+06 6.9604081567195002e+06
    7.3004983077771915e+06</data></s4>
</opencv_storage>
