<?xml version="1.0"?>
<opencv_storage>
<s40 type_id="opencv-matrix">
  <rows>10</rows>
  <cols>1</cols>
  <dt>d</dt>
  <data>
    7.5308944135089554e+06 7.9630839238856668e+06 8.1155435620881673e+06
    8.1074041269021034e+06 9.7753945555117410e+06 8.4193623689946774e+06
    7.6651305640854798e+06 8.9367998824822884e+06 6.9361640102585061e+06
    7.5034027245069044e+06</data></s40>
</opencv_storage>
