<?xml version="1.0"?>
<opencv_storage>
<s5 type_id="opencv-matrix">
  <rows>10</rows>
  <cols>1</cols>
  <dt>d</dt>
  <data>
    7.8585117054535048e+06 8.4064403937924039e+06 8.0379218852782911e+06
    8.3786436835129680e+06 9.8664697234080825e+06 8.6620848045427874e+06
    7.6769725589398053e+06 8.8543385868536327e+06 6.9622527385398112e+06
    7.3577825477847494e+06</data></s5>
</opencv_storage>
