<?xml version="1.0"?>
<opencv_storage>
<s6 type_id="opencv-matrix">
  <rows>10</rows>
  <cols>1</cols>
  <dt>d</dt>
  <data>
    7.4352174041036582e+06 7.7693149402622757e+06 8.2456362325967681e+06
    8.4288852557708863e+06 9.9736072665267847e+06 8.4453907988904510e+06
    7.8083585924549019e+06 8.6723465692564175e+06 7.0281995623887880e+06
    7.5129920930207232e+06</data></s6>
</opencv_storage>
