<?xml version="1.0"?>
<opencv_storage>
<s7 type_id="opencv-matrix">
  <rows>10</rows>
  <cols>1</cols>
  <dt>d</dt>
  <data>
    6.8793960477603348e+06 8.9036381979938354e+06 7.3350052206483521e+06
    8.9217977768177371e+06 9.7647826017808039e+06 8.3839926250273464e+06
    7.7837544556971313e+06 9.1468134751922693e+06 6.8303526500088470e+06
    7.6838554499993287e+06</data></s7>
</opencv_storage>
