<?xml version="1.0"?>
<opencv_storage>
<s8 type_id="opencv-matrix">
  <rows>10</rows>
  <cols>1</cols>
  <dt>d</dt>
  <data>
    6.3271047812018357e+06 7.2432649851425281e+06 8.0043560102836201e+06
    8.7096247483096756e+06 9.7944427834161557e+06 7.9484263951475723e+06
    7.6095155713645834e+06 9.2157899631683249e+06 7.0165052599930111e+06
    7.3725683777642855e+06</data></s8>
</opencv_storage>
