<?xml version="1.0"?>
<opencv_storage>
<s9 type_id="opencv-matrix">
  <rows>10</rows>
  <cols>1</cols>
  <dt>d</dt>
  <data>
    7.6801278264693432e+06 8.2171334577617664e+06 8.1672409594731210e+06
    8.3514961268059537e+06 9.9082473639846854e+06 8.2679574218040854e+06
    7.7408700362079386e+06 9.1922551083017457e+06 7.1406500811407762e+06
    7.4795555782011403e+06</data></s9>
</opencv_storage>
