<?xml version="1.0"?>
<opencv_storage>
<trevor type_id="opencv-matrix">
  <rows>10</rows>
  <cols>1</cols>
  <dt>d</dt>
  <data>
    7.2151021456680689e+06 8.7897343355972655e+06 8.3119571385785192e+06
    9.3097700752639454e+06 9.2929079346188437e+06 7.8056229103105674e+06
    7.5720365839090161e+06 8.7665774821575619e+06 6.6692771899802862e+06
    7.6524923040015399e+06</data></trevor>
</opencv_storage>
