<?xml version="1.0"?>
<opencv_storage>
<EigenImage type_id="opencv-matrix">
  <rows>10</rows>
  <cols>42</cols>
  <dt>d</dt>
  <data>
    7.4766901046153093e+06 6.8042903677935107e+06 7.4359744532360025e+06
    6.8793960477603348e+06 7.6399485637588184e+06 7.9167767576527856e+06
    6.8277171477160444e+06 7.1620502794276811e+06 7.8564981125129433e+06
    7.8585117054535048e+06 6.7901146483254507e+06 6.0666529350770842e+06
    7.2778600286741508e+06 7.2151021456680689e+06 7.7464273215031568e+06
    7.9595605401574718e+06 7.7023622947965106e+06 7.5864902457053140e+06
    5.3384411322292117e+06 7.7033119078071211e+06 8.0134134538555210e+06
    5.7105827361796098e+06 6.5931037643625271e+06 5.1656239780166633e+06
    8.1178069471606249e+06 7.5943337930573542e+06 7.6801278264693432e+06
    7.4352174041036582e+06 7.6612162375935251e+06 6.5539522793446239e+06
    7.8909614345249897e+06 7.3059675542086558e+06 7.5308944135089554e+06
    7.2374843368711546e+06 7.3902076159698889e+06 6.2063955052322550e+06
    7.0626284516007993e+06 7.6770060406214586e+06 7.6938569240825465e+06
    6.3271047812018357e+06 7.1123037189838197e+06 7.9386759331211476e+06
    8.5361027346459478e+06 9.4659224047352485e+06 8.2137149416035619e+06
    8.9036381979938354e+06 8.7226585718763825e+06 8.2514464566449234e+06
    7.6275927537972266e+06 9.3044458285789229e+06 8.4671937420452628e+06
    8.4064403937924039e+06 8.3123846490760176e+06 7.8136329741759561e+06
    7.7066398349518152e+06 8.7897343355972655e+06 8.4655379754121900e+06
    8.6084706835130341e+06 8.2244381192339417e+06 9.6132483096169550e+06
    8.6653952793625519e+06 8.6078581366878692e+06 9.0693108056064881e+06
    9.0736322702902816e+06 7.7351482623984404e+06 9.3993668899290841e+06
    8.6852331658907197e+06 9.0538441950308010e+06 8.2171334577617664e+06
    7.7693149402622757e+06 8.4770050061665867e+06 8.7030296310855150e+06
    8.8495053309794161e+06 7.8215814430160606e+06 7.9630839238856668e+06
    8.6726825326671600e+06 8.2337181731437966e+06 8.2613376085510505e+06
    7.6305555386123108e+06 8.6615126184433959e+06 8.8681462695524674e+06
    7.2432649851425281e+06 8.1705680784099260e+06 8.0912263476687456e+06
    7.2430160888636606e+06 7.6388607153097671e+06 7.9364547556392662e+06
    7.3350052206483521e+06 7.9999173258959735e+06 7.7281622657785611e+06
    7.7763847571352972e+06 7.6929864119325336e+06 8.1148473448604345e+06
    8.0379218852782911e+06 7.2412209052143088e+06 7.6399810609432124e+06
    8.0425150008913791e+06 8.3119571385785192e+06 8.1983721638500011e+06
    8.1416190725451866e+06 7.8733273196609952e+06 8.0092455930644227e+06
    8.1902642978557656e+06 7.8389066393804392e+06 8.0830213699172372e+06
    8.2958754364329148e+06 7.7310881949100280e+06 7.8668036956669251e+06
    7.6363018383275289e+06 7.9498595005245870e+06 8.1672409594731210e+06
    8.2456362325967681e+06 7.6754131904966068e+06 7.9761798722645482e+06
    8.2781122096473370e+06 7.9508239462798079e+06 8.1155435620881673e+06
    7.3648417842264753e+06 8.2156246888841549e+06 7.9615647284543794e+06
    7.6383838079978367e+06 7.4924269130902989e+06 7.4829109117453117e+06
    8.0043560102836201e+06 7.5675975183423422e+06 8.0117617369904928e+06
    8.2049070229202975e+06 8.9396145498725455e+06 8.2331738342084354e+06
    8.9217977768177371e+06 8.6167805547565334e+06 8.4480443371632397e+06
    8.3354492437628089e+06 9.0536596792463586e+06 8.5395337686917745e+06
    8.3786436835129680e+06 8.3672514206267474e+06 8.5229304462141301e+06
    8.1595560537580047e+06 9.3097700752639454e+06 8.6163945475281142e+06
    8.6103608994911760e+06 8.7265995379127376e+06 8.7450863358054087e+06
    8.2665322751574824e+06 8.5623628327019569e+06 8.4407553212469351e+06
    8.6876736573737711e+06 8.6516455620883815e+06 8.1182080947637064e+06
    8.5795535854994059e+06 8.3676944614254460e+06 8.3514961268059537e+06
    8.4288852557708863e+06 8.9326906227487177e+06 7.9332932591265179e+06
    8.2757717790549248e+06 9.3677977306425311e+06 8.1074041269021034e+06
    8.0981872006996833e+06 8.5462199014490116e+06 8.5647953729879223e+06
    9.3443924869960584e+06 8.2734141675759545e+06 8.0945962897706535e+06
    8.7096247483096756e+06 8.8142915933787227e+06 8.4920536968293190e+06
    9.5837145090954322e+06 1.0316557186038909e+07 9.7955985820618384e+06
    9.7647826017808039e+06 1.0302753264805757e+07 9.7174354150870088e+06
    9.5005403155469317e+06 1.0171119600283135e+07 9.7980223292909712e+06
    9.8664697234080825e+06 9.7941991442974824e+06 9.9937764370442983e+06
    9.7634775602339450e+06 9.2929079346188437e+06 9.5122410509161670e+06
    1.0073743084437659e+07 1.0281819149690138e+07 9.7540889059044831e+06
    1.0444170143481402e+07 9.7818647448878251e+06 9.4774366392542925e+06
    9.2826285955458805e+06 9.9987455328424796e+06 9.2328992366144489e+06
    9.7550603503209911e+06 1.0143602772074211e+07 9.9082473639846854e+06
    9.9736072665267847e+06 1.0236842961594921e+07 1.0572073924508557e+07
    1.0091029217108820e+07 1.0243113598986752e+07 9.7753945555117410e+06
    9.9683654523605965e+06 9.9636069287421294e+06 9.7383389576952104e+06
    9.8071204452696647e+06 9.5874207471898217e+06 9.6105304845790397e+06
    9.7944427834161557e+06 9.5133784972155467e+06 9.7455314203614015e+06
    8.1017768328094855e+06 8.2400711131173735e+06 8.7043393717485331e+06
    8.3839926250273464e+06 8.3359390279826801e+06 8.2613882902076477e+06
    8.0347756423519859e+06 8.7581249914125036e+06 8.1982262118668798e+06
    8.6620848045427874e+06 8.2257320965401148e+06 8.4917235489915181e+06
    8.4830872846714668e+06 7.8056229103105674e+06 8.7147216213595141e+06
    8.1503010342752254e+06 8.0077130940660983e+06 8.2725512913779290e+06
    8.3248367373522790e+06 8.4032038084956445e+06 8.4887980174825881e+06
    8.6050245770944115e+06 8.8683439240173455e+06 8.0086809154688660e+06
    8.3754864289806057e+06 8.0988599533705749e+06 8.2679574218040854e+06
    8.4453907988904510e+06 8.4159829019599073e+06 8.1826717160340967e+06
    8.2839788928163815e+06 8.0519295813004291e+06 8.4193623689946774e+06
    8.2990746529860515e+06 7.9810866605337812e+06 8.2288892011899883e+06
    8.5229047150700931e+06 8.0733614536797544e+06 8.1118396438679965e+06
    7.9484263951475723e+06 8.3082976777660148e+06 8.3705231556170210e+06
    7.8166089905326739e+06 7.8926781410126900e+06 7.7948263376014028e+06
    7.7837544556971313e+06 7.7623922297628578e+06 7.8909368598603969e+06
    7.7995482004583701e+06 7.7470633237015391e+06 7.8797347214538986e+06
    7.6769725589398053e+06 7.9231525850420464e+06 8.0985073774653198e+06
    8.0638979592201309e+06 7.5720365839090161e+06 7.8242258868676666e+06
    7.8596554929663315e+06 7.9949698792340467e+06 7.5865416720002685e+06
    7.6145394512441726e+06 7.7035446236418132e+06 7.8951753237335198e+06
    8.1713269792733118e+06 7.3703743495496912e+06 7.4271748697002092e+06
    7.8563705688755913e+06 7.9666901314844955e+06 7.7408700362079386e+06
    7.8083585924549019e+06 7.9256088601266174e+06 7.7990306546371561e+06
    7.8212860844076406e+06 7.9869746352093229e+06 7.6651305640854798e+06
    7.5016222947205771e+06 7.4664931288547246e+06 8.2698048721425300e+06
    7.6265376636899738e+06 7.7582835673117526e+06 7.7251939466111427e+06
    7.6095155713645834e+06 7.6288133134326562e+06 7.8080882610355914e+06
    8.7445883671648037e+06 8.6670899305301718e+06 8.6632475227354039e+06
    9.1468134751922693e+06 8.6892712804101277e+06 8.9250498183162082e+06
    8.8878504750118647e+06 9.1995254915372320e+06 8.7220965549953822e+06
    8.8543385868536327e+06 8.8178474236900695e+06 9.0200234912612569e+06
    8.8963609686755259e+06 8.7665774821575619e+06 9.0402317158086412e+06
    8.6612870932398234e+06 8.8964632743892763e+06 9.1336684848100021e+06
    9.0299742740654107e+06 8.9532008160629366e+06 8.7346480950060654e+06
    8.7001127334048711e+06 8.2256628140464574e+06 8.3719447020206526e+06
    8.9828258879632372e+06 8.6090603761546798e+06 9.1922551083017457e+06
